0.100000 572.193 
0.110000 575.031 
0.120000 575.336 
0.130000 575.68 
0.140000 573.291 
0.150000 566.135 
0.160000 554.451 
0.170000 536.139 
0.180000 510.196 
0.190000 483.379 
0.200000 459.046 
0.210000 440.137 
0.220000 428.571 
0.230000 419.116 
0.240000 412.758 
0.250000 407.606 
0.260000 404.09 
0.270000 401.18 
0.280000 399.966 
0.290000 398.053 
0.300000 396.039 
0.310000 394.466 
0.320000 393.301 
0.330000 391.915 
0.340000 390.718 
0.350000 390.145 
0.360000 390.11 
0.370000 389.557 
0.380000 388.815 
0.390000 388.098 
0.400000 387.636 
0.410000 387.633 
0.420000 387.25 
0.430000 386.648 
0.440000 385.979 
0.450000 385.42 
0.460000 384.956 
0.470000 384.322 
0.480000 383.579 
0.490000 382.781 
0.500000 381.951 
0.510000 381.132 
0.520000 380.337 
0.530000 379.512 
0.540000 378.676 
0.550000 377.828 
0.560000 377.034 
0.570000 376.304 
0.580000 375.609 
0.590000 374.901 
0.600000 374.202 
0.610000 373.53 
0.620000 372.901 
0.630000 372.335 
0.640000 371.828 
0.650000 371.673 
0.660000 371.887 
0.670000 372.071 
0.680000 372.007 
0.690000 371.859 
0.700000 371.653 
0.710000 371.404 
0.720000 371.108 
0.730000 370.768 
0.740000 370.407 
0.750000 370.057 
0.760000 369.718 
0.770000 369.38 
0.780000 369.1 
0.790000 368.875 
0.800000 368.77 
0.810000 368.835 
0.820000 368.814 
0.830000 368.764 
0.840000 368.702 
0.850000 368.649 
0.860000 368.616 
0.870000 368.718 
0.880000 368.985 
0.890000 369.578 
0.900000 370.025 
0.910000 370.377 
0.920000 370.676 
0.930000 370.951 
0.940000 371.216 
0.950000 371.496 
0.960000 371.88 
0.970000 372.297 
0.980000 372.716 
0.990000 373.094 
1.000000 373.442 
1.010000 373.781 
1.020000 374.178 
1.030000 374.658 
1.040000 375.454 
1.050000 376.334 
1.060000 377.196 
1.070000 377.994 
1.080000 378.7 
1.090000 379.337 
1.100000 379.941 
1.110000 380.47 
1.120000 380.984 
1.130000 381.44 
1.140000 381.877 
1.150000 382.273 
1.160000 382.641 
1.170000 382.981 
1.180000 383.285 
1.190000 383.569 
1.200000 383.798 
1.210000 384.01 
1.220000 384.08 
1.230000 384.119 
1.240000 383.982 
1.250000 383.814 
1.260000 383.681 
1.270000 383.553 
1.280000 383.441 
1.290000 383.332 
1.300000 383.26 
1.310000 383.197 
1.320000 383.283 
1.330000 383.438 
1.340000 383.578 
1.350000 383.707 
1.360000 383.81 
1.370000 383.874 
1.380000 383.932 
1.390000 383.955 
1.400000 383.981 
1.410000 383.914 
1.420000 383.847 
1.430000 383.608 
1.440000 383.299 
1.450000 383.009 
1.460000 382.745 
1.470000 382.492 
1.480000 382.39 
1.490000 382.287 
1.500000 382.718 
1.510000 383.388 
1.520000 383.998 
1.530000 384.446 
1.540000 384.903 
1.550000 385.035 
1.560000 385.105 
1.570000 385.018 
1.580000 384.608 
1.590000 384.2 
1.600000 383.81 
1.610000 383.425 
1.620000 383.054 
1.630000 382.725 
1.640000 382.399 
1.650000 382.203 
1.660000 382.096 
1.670000 381.993 
1.680000 381.566 
1.690000 381.124 
1.700000 380.623 
1.710000 379.936 
1.720000 379.249 
1.730000 378.649 
1.740000 378.137 
1.750000 377.627 
1.760000 376.75 
1.770000 375.723 
1.780000 374.694 
1.790000 373.56 
1.800000 372.409 
1.810000 371.254 
1.820000 370.601 
1.830000 369.951 
1.840000 369.271 
1.850000 368.193 
1.860000 367.112 
1.870000 366.003 
1.880000 364.652 
1.890000 363.296 
1.900000 361.963 
1.910000 361.011 
1.920000 360.055 
1.930000 359.095 
1.940000 358.091 
1.950000 357.082 
1.960000 356.071 
1.970000 354.571 
1.980000 352.993 
1.990000 351.406 
2.000000 349.632 
2.010000 347.772 
2.020000 345.898 
2.030000 343.957 
2.040000 341.941 
2.050000 339.908 
2.060000 337.782 
2.070000 335.346 
2.080000 332.883 
2.090000 330.392 
2.100000 327.326 
2.110000 324.138 
2.120000 320.903 
2.130000 317.04 
2.140000 312.507 
2.150000 307.883 
2.160000 303.048 
2.170000 296.085 
2.180000 288.92 
2.190000 281.55 
2.200000 273.975 
2.210000 287.072 
2.220000 221.178 
2.230000 176.674 
2.240000 145.6 
2.250000 123.31 
2.260000 106.959 
2.270000 94.7331 
2.280000 85.4406 
2.290000 78.2766 
2.300000 93.3409 
2.310000 88.0634 
2.320000 83.7843 
2.330000 80.2834 
2.340000 77.5119 
2.350000 80.9839 
2.360000 84.3872 
2.370000 87.7183 
2.380000 90.844 
2.390000 93.4956 
2.400000 96.1166 
2.410000 98.7052 
2.420000 100.825 
2.430000 102.243 
2.440000 103.647 
2.450000 105.038 
2.460000 106.198 
2.470000 107.111 
2.480000 108.008 
2.490000 108.889 
2.500000 109.731 
2.510000 110.538 
2.520000 111.333 
2.530000 112.115 
2.540000 112.808 
2.550000 113.407 
2.560000 113.999 
2.570000 114.583 
2.580000 114.918 
2.590000 114.842 
2.600000 114.762 
2.610000 114.677 
2.620000 114.541 
2.630000 114.217 
2.640000 113.889 
2.650000 113.556 
2.660000 113.219 
2.670000 112.182 
2.680000 111.132 
2.690000 110.087 
2.700000 109.048 
2.710000 108.014 
2.720000 106.986 
2.730000 105.964 
2.740000 104.948 
2.750000 98.1658 
2.760000 98.6779 
2.770000 99.1695 
2.780000 99.641 
2.790000 100.093 
2.800000 101.104 
2.810000 102.205 
2.820000 103.299 
2.830000 104.384 
2.840000 105.222 
2.850000 105.589 
2.860000 105.948 
2.870000 106.3 
2.880000 106.643 
2.890000 107.017 
2.900000 107.395 
2.910000 107.767 
2.920000 108.131 
2.930000 108.482 
2.940000 108.759 
2.950000 109.032 
2.960000 109.3 
2.970000 109.563 
2.980000 109.753 
2.990000 109.814 
3.000000 109.87 
3.010000 109.922 
3.020000 109.97 
3.030000 109.964 
3.040000 109.912 
3.050000 109.855 
3.060000 109.795 
3.070000 109.731 
3.080000 109.517 
3.090000 109.219 
3.100000 108.92 
3.110000 108.62 
3.120000 108.317 
3.130000 108.014 
3.140000 107.708 
3.150000 104.84 
3.160000 104.605 
3.170000 104.366 
3.180000 104.122 
3.190000 103.875 
3.200000 103.623 
3.210000 103.368 
3.220000 103.109 
3.230000 103.078 
3.240000 103.284 
3.250000 103.486 
3.260000 103.682 
3.270000 103.875 
3.280000 104.005 
3.290000 103.978 
3.300000 103.949 
3.310000 103.915 
3.320000 103.878 
3.330000 103.838 
3.340000 103.634 
3.350000 103.423 
3.360000 103.211 
3.370000 102.996 
3.380000 102.78 
3.390000 102.561 
3.400000 102.341 
3.410000 102.119 
3.420000 101.896 
3.430000 100.153 
3.440000 100.023 
3.450000 99.8883 
3.460000 99.7502 
3.470000 99.6081 
3.480000 99.4623 
3.490000 99.3128 
3.500000 99.3436 
3.510000 99.5218 
3.520000 99.6969 
3.530000 99.8689 
3.540000 100.038 
3.550000 100.204 
3.560000 100.075 
3.570000 99.912 
3.580000 99.7472 
3.590000 99.5808 
3.600000 99.4128 
3.610000 99.2395 
3.620000 99.0432 
3.630000 98.8455 
3.640000 98.6465 
3.650000 98.4461 
3.660000 98.2444 
3.670000 98.0347 
3.680000 97.8092 
3.690000 97.5826 
3.700000 97.355 
3.710000 97.1264 
3.720000 96.8968 
3.730000 96.6607 
3.740000 96.4152 
3.750000 96.1689 
3.760000 95.9218 
3.770000 95.6738 
3.780000 95.4252 
3.790000 95.1826 
3.800000 94.9515 
3.810000 94.7196 
3.820000 94.4871 
3.830000 94.254 
3.840000 94.0202 
3.850000 93.7804 
3.860000 93.5226 
3.870000 93.2645 
3.880000 93.0061 
3.890000 92.7474 
3.900000 92.4884 
3.910000 92.2289 
3.920000 91.9508 
3.930000 91.6725 
3.940000 91.3942 
3.950000 91.1159 
3.960000 90.8376 
3.970000 90.5592 
3.980000 90.2773 
3.990000 89.994 
4.000000 89.7107 
4.010000 89.4275 
4.020000 89.1443 
4.030000 88.8613 
4.040000 88.5792 
4.050000 88.2997 
4.060000 88.0203 
4.070000 87.7411 
4.080000 87.4622 
4.090000 87.1835 
4.100000 86.905 
4.110000 86.6234 
4.120000 86.3407 
4.130000 86.0582 
4.140000 85.776 
4.150000 85.4939 
4.160000 85.2121 
4.170000 84.9321 
4.180000 84.6674 
4.190000 84.4034 
4.200000 84.14 
4.210000 83.8773 
4.220000 83.6152 
4.230000 83.3539 
4.240000 83.0207 
4.250000 82.5572 
4.260000 82.0959 
4.270000 81.6367 
4.280000 81.1798 
4.290000 80.725 
4.300000 80.2724 
4.310000 79.9051 
4.320000 79.6211 
4.330000 79.3376 
4.340000 79.0546 
4.350000 78.772 
4.360000 78.4899 
4.370000 78.2084 
4.380000 77.9003 
4.390000 77.5701 
4.400000 77.2408 
4.410000 76.9124 
4.420000 76.585 
4.430000 76.2585 
4.440000 75.933 
4.450000 75.6161 
4.460000 75.3089 
4.470000 75.0025 
4.480000 74.6969 
4.490000 74.3921 
4.500000 74.0882 
4.510000 73.785 
4.520000 73.4785 
4.530000 73.1616 
4.540000 72.8457 
4.550000 72.5308 
4.560000 72.2168 
4.570000 71.9038 
4.580000 71.5917 
4.590000 71.2806 
4.600000 70.9693 
4.610000 70.659 
4.620000 70.3496 
4.630000 70.0412 
4.640000 69.7338 
4.650000 69.4273 
4.660000 69.1217 
4.670000 68.8126 
4.680000 68.5005 
4.690000 68.1895 
4.700000 67.8795 
4.710000 67.5705 
4.720000 67.2626 
4.730000 66.9557 
4.740000 66.6497 
4.750000 66.3367 
4.760000 66.0248 
4.770000 65.7139 
4.780000 65.4041 
4.790000 65.0954 
4.800000 64.7877 
4.810000 64.4812 
4.820000 64.1723 
4.830000 63.8577 
4.840000 63.5443 
4.850000 63.232 
4.860000 62.9208 
4.870000 62.6108 
4.880000 62.3019 
4.890000 61.9941 
4.900000 61.6859 
4.910000 61.3775 
4.920000 61.0703 
4.930000 60.7642 
4.940000 60.4593 
4.950000 60.1555 
4.960000 59.8527 
4.970000 59.5512 
4.980000 59.2405 
4.990000 58.9249 
5.000000 58.6105 
5.010000 58.2975 
5.020000 57.9856 
5.030000 57.675 
5.040000 57.3656 
5.050000 57.0575 
5.060000 56.7595 
5.070000 56.4692 
5.080000 56.1798 
5.090000 55.8915 
5.100000 55.6043 
5.110000 55.3181 
5.120000 55.0329 
5.130000 54.7487 
5.140000 54.466 
5.150000 54.185 
5.160000 53.905 
5.170000 53.6261 
5.180000 53.3482 
5.190000 53.0712 
5.200000 52.7953 
5.210000 52.5204 
5.220000 52.2423 
5.230000 51.9257 
5.240000 51.6107 
5.250000 51.297 
5.260000 50.9848 
5.270000 50.674 
5.280000 50.3646 
5.290000 50.0566 
5.300000 49.7501 
5.310000 49.5021 
5.320000 49.2848 
5.330000 49.0681 
5.340000 48.8519 
5.350000 48.6361 
5.360000 48.4209 
5.370000 48.2061 
5.380000 47.9919 
5.390000 47.7743 
5.400000 47.5119 
5.410000 47.2505 
5.420000 46.99 
5.430000 46.7305 
5.440000 46.4719 
5.450000 46.2143 
5.460000 45.9577 
5.470000 45.702 
5.480000 45.4478 
5.490000 45.1956 
5.500000 44.9444 
5.510000 44.694 
5.520000 44.4446 
5.530000 44.196 
5.540000 43.9483 
5.550000 43.7016 
5.560000 43.4557 
5.570000 43.2084 
5.580000 42.9596 
5.590000 42.7118 
5.600000 42.4649 
5.610000 42.2189 
5.620000 41.9739 
5.630000 41.7297 
5.640000 41.4865 
5.650000 41.2442 
5.660000 41.0005 
5.670000 40.7556 
5.680000 40.5116 
5.690000 40.2685 
5.700000 40.0264 
5.710000 39.7852 
5.720000 39.545 
5.730000 39.3056 
5.740000 39.0672 
5.750000 38.829 
5.760000 38.5904 
5.770000 38.3527 
5.780000 38.116 
5.790000 37.8802 
5.800000 37.6453 
5.810000 37.4113 
5.820000 37.1782 
5.830000 36.946 
5.840000 36.7162 
5.850000 36.509 
5.860000 36.3024 
5.870000 36.0965 
5.880000 35.8912 
5.890000 35.6866 
5.900000 35.4826 
5.910000 35.2792 
5.920000 35.0765 
5.930000 34.8744 
5.940000 34.6528 
5.950000 34.4197 
5.960000 34.1876 
5.970000 33.9565 
5.980000 33.7263 
5.990000 33.4971 
6.000000 33.2689 
6.010000 33.0416 
6.020000 32.8153 
6.030000 32.5903 
6.040000 32.3843 
6.050000 32.179 
6.060000 31.9745 
6.070000 31.7706 
6.080000 31.5675 
6.090000 31.3651 
6.100000 31.1635 
6.110000 30.9625 
6.120000 30.7622 
6.130000 30.5612 
6.140000 30.3569 
6.150000 30.1534 
6.160000 29.9506 
6.170000 29.7486 
6.180000 29.5473 
6.190000 29.3468 
6.200000 29.147 
6.210000 28.948 
6.220000 28.7498 
6.230000 28.5515 
6.240000 28.3525 
6.250000 28.1544 
6.260000 27.957 
6.270000 27.7603 
6.280000 27.5644 
6.290000 27.3693 
6.300000 27.1749 
6.310000 26.9812 
6.320000 26.7883 
6.330000 26.5959 
6.340000 26.4034 
6.350000 26.2117 
6.360000 26.0207 
6.370000 25.8305 
6.380000 25.6411 
6.390000 25.4523 
6.400000 25.2643 
6.410000 25.077 
6.420000 24.8905 
6.430000 24.7046 
6.440000 24.5184 
6.450000 24.333 
6.460000 24.1482 
6.470000 23.9642 
6.480000 23.7809 
6.490000 23.5984 
6.500000 23.4166 
6.510000 23.2355 
6.520000 23.0551 
6.530000 22.8755 
6.540000 22.6958 
6.550000 22.5165 
6.560000 22.3379 
6.570000 22.1601 
6.580000 21.9829 
6.590000 21.8065 
6.600000 21.6308 
6.610000 21.4559 
6.620000 21.2816 
6.630000 21.108 
6.640000 20.9351 
6.650000 20.7621 
6.660000 20.5897 
6.670000 20.4181 
6.680000 20.2472 
6.690000 20.077 
6.700000 19.9076 
6.710000 19.7388 
6.720000 19.5708 
6.730000 19.4034 
6.740000 19.2368 
6.750000 19.0705 
6.760000 18.9044 
6.770000 18.7389 
6.780000 18.5742 
6.790000 18.4102 
6.800000 18.2468 
6.810000 18.0842 
6.820000 17.9223 
6.830000 17.7611 
6.840000 17.6007 
6.850000 17.4409 
6.860000 17.2814 
6.870000 17.1222 
6.880000 16.9638 
6.890000 16.806 
6.900000 16.6489 
6.910000 16.4926 
6.920000 16.3369 
6.930000 16.182 
6.940000 16.0277 
6.950000 15.8742 
6.960000 15.7213 
6.970000 15.5689 
6.980000 15.4167 
6.990000 15.2652 
7.000000 15.1144 
7.010000 14.9644 
7.020000 14.815 
7.030000 14.6663 
7.040000 14.5183 
7.050000 14.3711 
7.060000 14.2245 
7.070000 14.0786 
7.080000 13.9334 
7.090000 13.7883 
7.100000 13.6439 
7.110000 13.5002 
7.120000 13.3572 
7.130000 13.215 
7.140000 13.0734 
7.150000 12.9325 
7.160000 12.7924 
7.170000 12.6529 
7.180000 12.5142 
7.190000 12.3761 
7.200000 12.2384 
7.210000 12.1011 
7.220000 11.9645 
7.230000 11.8286 
7.240000 11.6935 
7.250000 11.5591 
7.260000 11.4254 
7.270000 11.2924 
7.280000 11.1601 
7.290000 11.0285 
7.300000 10.8977 
7.310000 10.7676 
7.320000 10.6376 
7.330000 10.5084 
7.340000 10.3799 
7.350000 10.2521 
7.360000 10.1251 
7.370000 9.99878 
7.380000 9.87321 
7.390000 9.74837 
7.400000 9.62427 
7.410000 9.50091 
7.420000 9.37828 
7.430000 9.25631 
7.440000 9.1347 
7.450000 9.01383 
7.460000 8.89372 
7.470000 8.77436 
7.480000 8.65575 
7.490000 8.5379 
7.500000 8.42081 
7.510000 8.30448 
7.520000 8.18891 
7.530000 8.07411 
7.540000 7.96008 
7.550000 7.84674 
7.560000 7.73383 
7.570000 7.62169 
7.580000 7.51034 
7.590000 7.39978 
7.600000 7.29001 
7.610000 7.18103 
7.620000 7.07285 
7.630000 6.96546 
7.640000 6.85888 
7.650000 6.7531 
7.660000 6.64813 
7.670000 6.54397 
7.680000 6.44023 
7.690000 6.3373 
7.700000 6.23521 
7.710000 6.13395 
7.720000 6.03353 
7.730000 5.93395 
7.740000 5.83523 
7.750000 5.73735 
7.760000 5.64033 
7.770000 5.54417 
7.780000 5.44887 
7.790000 5.35445 
7.800000 5.26072 
7.810000 5.16772 
7.820000 5.07562 
7.830000 4.98442 
7.840000 4.89412 
7.850000 4.80473 
7.860000 4.71626 
7.870000 4.6287 
7.880000 4.54207 
7.890000 4.45637 
7.900000 4.3716 
7.910000 4.28778 
7.920000 4.20491 
7.930000 4.12274 
7.940000 4.04152 
7.950000 3.96127 
7.960000 3.88201 
7.970000 3.80373 
7.980000 3.72644 
7.990000 3.65015 
8.000000 3.57486 
8.010000 3.50059 
8.020000 3.42732 
8.030000 3.35508 
8.040000 3.28387 
8.050000 3.21366 
8.060000 3.14429 
8.070000 3.07597 
8.080000 3.00871 
8.090000 2.94251 
8.100000 2.87736 
8.110000 2.81329 
8.120000 2.75028 
8.130000 2.68835 
8.140000 2.62749 
8.150000 2.56771 
8.160000 2.509 
8.170000 2.45138 
8.180000 2.39481 
8.190000 2.33918 
8.200000 2.28462 
8.210000 2.23116 
8.220000 2.17877 
8.230000 2.12745 
8.240000 2.07721 
8.250000 2.02804 
8.260000 1.97993 
8.270000 1.93287 
8.280000 1.88685 
8.290000 1.84188 
8.300000 1.79793 
8.310000 1.755 
8.320000 1.71297 
8.330000 1.67192 
8.340000 1.63187 
8.350000 1.59278 
8.360000 1.55466 
8.370000 1.51749 
8.380000 1.48125 
8.390000 1.44592 
8.400000 1.41149 
8.410000 1.37794 
8.420000 1.34525 
8.430000 1.31342 
8.440000 1.28241 
8.450000 1.25217 
8.460000 1.22268 
8.470000 1.19397 
8.480000 1.16603 
8.490000 1.13882 
8.500000 1.11234 
8.510000 1.08657 
8.520000 1.06148 
8.530000 1.03707 
8.540000 1.01331 
8.550000 0.990184 
8.560000 0.967677 
8.570000 0.94577 
8.580000 0.92445 
8.590000 0.903648 
8.600000 0.883388 
8.610000 0.863668 
8.620000 0.844472 
8.630000 0.825786 
8.640000 0.807594 
8.650000 0.789883 
8.660000 0.772638 
8.670000 0.755846 
8.680000 0.739492 
8.690000 0.723566 
8.700000 0.708053 
8.710000 0.692942 
8.720000 0.67822 
8.730000 0.663838 
8.740000 0.649819 
8.750000 0.63616 
8.760000 0.622849 
8.770000 0.609876 
8.780000 0.59723 
8.790000 0.584904 
8.800000 0.572886 
8.810000 0.561168 
8.820000 0.549741 
8.830000 0.538597 
8.840000 0.527727 
8.850000 0.517124 
8.860000 0.50678 
8.870000 0.496662 
8.880000 0.486783 
8.890000 0.477143 
8.900000 0.467734 
8.910000 0.458551 
8.920000 0.449587 
8.930000 0.440836 
8.940000 0.432292 
8.950000 0.423948 
8.960000 0.4158 
8.970000 0.407842 
8.980000 0.400069 
8.990000 0.392474 
9.000000 0.385055 
9.010000 0.377794 
9.020000 0.370686 
9.030000 0.36374 
9.040000 0.356951 
9.050000 0.350315 
9.060000 0.343829 
9.070000 0.337487 
9.080000 0.331287 
9.090000 0.325224 
9.100000 0.319295 
9.110000 0.313497 
9.120000 0.307826 
9.130000 0.302278 
9.140000 0.29685 
9.150000 0.29154 
9.160000 0.286327 
9.170000 0.281225 
9.180000 0.276231 
9.190000 0.271345 
9.200000 0.266562 
9.210000 0.26188 
9.220000 0.257298 
9.230000 0.25281 
9.240000 0.248418 
9.250000 0.244116 
9.260000 0.239903 
9.270000 0.235778 
9.280000 0.231738 
9.290000 0.227779 
9.300000 0.223902 
9.310000 0.220087 
9.320000 0.216351 
9.330000 0.212691 
9.340000 0.209104 
9.350000 0.20559 
9.360000 0.202146 
9.370000 0.19877 
9.380000 0.195462 
9.390000 0.192219 
9.400000 0.18904 
9.410000 0.185924 
9.420000 0.182869 
9.430000 0.179873 
9.440000 0.176935 
9.450000 0.174054 
9.460000 0.171217 
9.470000 0.168434 
9.480000 0.165705 
9.490000 0.163028 
9.500000 0.160402 
9.510000 0.157826 
9.520000 0.155299 
9.530000 0.152821 
9.540000 0.150388 
9.550000 0.148002 
9.560000 0.14566 
9.570000 0.143362 
9.580000 0.141106 
9.590000 0.138893 
9.600000 0.13672 
9.610000 0.134579 
9.620000 0.132476 
9.630000 0.13041 
9.640000 0.128383 
9.650000 0.126393 
9.660000 0.124439 
9.670000 0.122521 
9.680000 0.120637 
9.690000 0.118787 
9.700000 0.11697 
9.710000 0.115186 
9.720000 0.113434 
9.730000 0.111714 
9.740000 0.110023 
9.750000 0.108363 
9.760000 0.10673 
9.770000 0.105118 
9.780000 0.103536 
9.790000 0.101981 
9.800000 0.100453 
9.810000 0.098952 
9.820000 0.0974768 
9.830000 0.096028 
9.840000 0.094604 
9.850000 0.0932048 
9.860000 0.0918288 
9.870000 0.0904776 
9.880000 0.0891488 
9.890000 0.0878432 
9.900000 0.0865592 
9.910000 0.0852976 
9.920000 0.0840536 
9.930000 0.0828264 
9.940000 0.08162 
9.950000 0.0804344 
9.960000 0.079268 
9.970000 0.0781216 
9.980000 0.0769944 
9.990000 0.0758864 
10.000000 0.074796 
10.010000 0.0737248 
10.020000 0.0726712 
10.030000 0.0716344 
10.040000 0.0706152 
10.050000 0.0696128 
10.060000 0.0686264 
10.070000 0.0676568 
10.080000 0.0667 
10.090000 0.0657544 
10.100000 0.064824 
10.110000 0.0639096 
10.120000 0.0630096 
10.130000 0.062124 
10.140000 0.0612528 
10.150000 0.060396 
10.160000 0.0595528 
10.170000 0.058724 
10.180000 0.0579072 
10.190000 0.057104 
10.200000 0.0563144 
10.210000 0.0555368 
10.220000 0.0547712 
10.230000 0.0540176 
10.240000 0.053276 
10.250000 0.05254 
10.260000 0.0518152 
10.270000 0.0511024 
10.280000 0.0504008 
10.290000 0.0497104 
10.300000 0.0490304 
10.310000 0.0483616 
10.320000 0.0477024 
10.330000 0.0470544 
10.340000 0.046416 
10.350000 0.045788 
10.360000 0.0451696 
10.370000 0.04456 
10.380000 0.0439608 
10.390000 0.0433704 
10.400000 0.0427888 
10.410000 0.0422136 
10.420000 0.041644 
10.430000 0.0410824 
10.440000 0.0405304 
10.450000 0.0399864 
10.460000 0.0394512 
10.470000 0.038924 
10.480000 0.0384048 
10.490000 0.0378936 
10.500000 0.0373896 
10.510000 0.0368944 
10.520000 0.0364056 
10.530000 0.0359248 
10.540000 0.0354512 
10.550000 0.034984 
10.560000 0.0345248 
10.570000 0.034072 
10.580000 0.0336216 
10.590000 0.033176 
10.600000 0.0327376 
10.610000 0.0323056 
10.620000 0.03188 
10.630000 0.0314608 
10.640000 0.031048 
10.650000 0.0306416 
10.660000 0.0302408 
10.670000 0.0298464 
10.680000 0.0294568 
10.690000 0.0290744 
10.700000 0.0286968 
10.710000 0.0283248 
10.720000 0.0279584 
10.730000 0.0275976 
10.740000 0.0272416 
10.750000 0.0268872 
10.760000 0.026536 
10.770000 0.0261896 
10.780000 0.025848 
10.790000 0.025512 
10.800000 0.0251808 
10.810000 0.0248544 
10.820000 0.0245336 
10.830000 0.0242168 
10.840000 0.023904 
10.850000 0.0235968 
10.860000 0.0232936 
10.870000 0.0229944 
10.880000 0.0227 
10.890000 0.0224104 
10.900000 0.022124 
10.910000 0.0218424 
10.920000 0.0215632 
10.930000 0.0212824 
10.940000 0.0210064 
10.950000 0.0207336 
10.960000 0.0204656 
10.970000 0.0202016 
10.980000 0.0199408 
10.990000 0.019684 
11.000000 0.0194312 
11.010000 0.0191816 
11.020000 0.018936 
11.030000 0.0186936 
11.040000 0.0184552 
11.050000 0.01822 
11.060000 0.017988 
11.070000 0.0177592 
11.080000 0.0175344 
11.090000 0.017312 
11.100000 0.0170888 
11.110000 0.0168656 
11.120000 0.0166456 
11.130000 0.0164288 
11.140000 0.0162152 
11.150000 0.0160048 
11.160000 0.0157968 
11.170000 0.0155928 
11.180000 0.0153912 
11.190000 0.0151928 
11.200000 0.0149968 
11.210000 0.014804 
11.220000 0.0146144 
11.230000 0.0144264 
11.240000 0.0142424 
11.250000 0.01406 
11.260000 0.0138808 
11.270000 0.013704 
11.280000 0.0135232 
11.290000 0.0133416 
11.300000 0.0131632 
11.310000 0.0129872 
11.320000 0.0128136 
11.330000 0.0126424 
11.340000 0.0124744 
11.350000 0.0123088 
11.360000 0.0121448 
11.370000 0.011984 
11.380000 0.0118256 
11.390000 0.0116696 
11.400000 0.0115152 
11.410000 0.011364 
11.420000 0.0112144 
11.430000 0.0110672 
11.440000 0.0109224 
11.450000 0.0107792 
11.460000 0.010632 
11.470000 0.0104776 
11.480000 0.0103264 
11.490000 0.0101776 
11.500000 0.0100304 
11.510000 0.0098864 
11.520000 0.009744 
11.530000 0.009604 
11.540000 0.0094664 
11.550000 0.0093312 
11.560000 0.0091984 
11.570000 0.0090672 
11.580000 0.0089376 
11.590000 0.0088104 
11.600000 0.0086856 
11.610000 0.0085624 
11.620000 0.0084416 
11.630000 0.0083216 
11.640000 0.0082048 
11.650000 0.0080536 
11.660000 0.0079016 
11.670000 0.007752 
11.680000 0.0076056 
11.690000 0.0074624 
11.700000 0.0073224 
11.710000 0.0071848 
11.720000 0.0070496 
11.730000 0.0069176 
11.740000 0.006788 
11.750000 0.0066616 
11.760000 0.0065368 
11.770000 0.0064152 
11.780000 0.006296 
11.790000 0.0061784 
11.800000 0.006064 
11.810000 0.0059512 
11.820000 0.0058416 
11.830000 0.0057032 
11.840000 0.0050312 
11.850000 0.0044328 
11.860000 0.0038992 
11.870000 0.003424 
11.880000 0.0030024 
11.890000 0.0026272 
11.900000 0.0022944 
11.910000 0.002 
11.920000 0.001896 
11.930000 0.002108 
11.940000 0.0023384 
11.950000 0.0025888 
11.960000 0.00286 
11.970000 0.0031544 
11.980000 0.0034728 
11.990000 0.0038168 
12.000000 0.0041872 
12.010000 0.0045864 
12.020000 0.0050168 
12.030000 0.0050448 
12.040000 0.005036 
12.050000 0.0050272 
12.060000 0.0050184 
12.070000 0.0050096 
12.080000 0.005 
12.090000 0.0049912 
12.100000 0.0049816 
12.110000 0.004972 
12.120000 0.0049632 
12.130000 0.0049536 
12.140000 0.004944 
12.150000 0.0049344 
12.160000 0.0049248 
12.170000 0.0049152 
12.180000 0.0049056 
12.190000 0.0048952 
12.200000 0.0048856 
12.210000 0.0048752 
12.220000 0.004856 
12.230000 0.0048256 
12.240000 0.004796 
12.250000 0.0047656 
12.260000 0.004736 
12.270000 0.0047072 
12.280000 0.0046776 
12.290000 0.0046488 
12.300000 0.00462 
12.310000 0.0045912 
12.320000 0.0045624 
12.330000 0.0045344 
12.340000 0.0045056 
12.350000 0.0044776 
12.360000 0.0044504 
12.370000 0.0044224 
12.380000 0.0043952 
12.390000 0.0043672 
12.400000 0.00434 
12.410000 0.0043136 
12.420000 0.0042824 
12.430000 0.0042504 
12.440000 0.0042184 
12.450000 0.0041864 
12.460000 0.0041544 
12.470000 0.0041232 
12.480000 0.004092 
12.490000 0.0040616 
12.500000 0.0040312 
12.510000 0.0040008 
12.520000 0.0039704 
12.530000 0.0039408 
12.540000 0.0039112 
12.550000 0.0038816 
12.560000 0.0038528 
12.570000 0.003824 
12.580000 0.0037952 
12.590000 0.0037672 
12.600000 0.0037384 
12.610000 0.0037104 
12.620000 0.0036816 
12.630000 0.0036512 
12.640000 0.0036208 
12.650000 0.0035912 
12.660000 0.0035616 
12.670000 0.0035328 
12.680000 0.003504 
12.690000 0.0034752 
12.700000 0.0034472 
12.710000 0.0034184 
12.720000 0.0033904 
12.730000 0.0033632 
12.740000 0.003336 
12.750000 0.0033088 
12.760000 0.0032816 
12.770000 0.0032552 
12.780000 0.0032288 
12.790000 0.0032024 
12.800000 0.003176 
12.810000 0.0031504 
12.820000 0.0031248 
12.830000 0.0030976 
12.840000 0.0030704 
12.850000 0.003044 
12.860000 0.0030176 
12.870000 0.002992 
12.880000 0.0029656 
12.890000 0.00294 
12.900000 0.0029152 
12.910000 0.0028896 
12.920000 0.0028648 
12.930000 0.00284 
12.940000 0.002816 
12.950000 0.002792 
12.960000 0.002768 
12.970000 0.002744 
12.980000 0.0027208 
12.990000 0.0026968 
13.000000 0.0026744 
13.010000 0.0026512 
13.020000 0.0026288 
13.030000 0.0026056 
13.040000 0.0025816 
13.050000 0.0025584 
13.060000 0.0025344 
13.070000 0.002512 
13.080000 0.0024888 
13.090000 0.0024664 
13.100000 0.002444 
13.110000 0.0024216 
13.120000 0.0024 
13.130000 0.0023784 
13.140000 0.0023568 
13.150000 0.0023352 
13.160000 0.0023144 
13.170000 0.0022936 
13.180000 0.0022728 
13.190000 0.002252 
13.200000 0.002232 
13.210000 0.002212 
13.220000 0.002192 
13.230000 0.0021728 
13.240000 0.002152 
13.250000 0.0021312 
13.260000 0.0021096 
13.270000 0.0020888 
13.280000 0.0020688 
13.290000 0.002048 
13.300000 0.002028 
13.310000 0.0020088 
13.320000 0.0019888 
13.330000 0.0019696 
13.340000 0.0019504 
13.350000 0.0019312 
13.360000 0.001912 
13.370000 0.0018936 
13.380000 0.0018752 
13.390000 0.0018568 
13.400000 0.0018392 
13.410000 0.0018208 
13.420000 0.0018032 
13.430000 0.0017856 
13.440000 0.0017688 
13.450000 0.0017512 
13.460000 0.0017288 
13.470000 0.0017072 
13.480000 0.0016856 
13.490000 0.001664 
13.500000 0.0016432 
13.510000 0.0016224 
13.520000 0.0016016 
13.530000 0.0015816 
13.540000 0.0015616 
13.550000 0.0015424 
13.560000 0.0015224 
13.570000 0.001504 
13.580000 0.0014848 
13.590000 0.0014664 
13.600000 0.001448 
13.610000 0.0014296 
13.620000 0.001412 
13.630000 0.0013944 
13.640000 0.0013768 
13.650000 0.00136 
13.660000 0.0013424 
13.670000 0.0013024 
13.680000 0.0012064 
13.690000 0.001116 
13.700000 0.001032 
13.710000 0.0009544 
13.720000 0.0008816 
13.730000 0.0008136 
13.740000 0.0008272 
13.750000 0.0008496 
13.760000 0.0008728 
13.770000 0.0008968 
13.780000 0.00092 
13.790000 0.0009448 
13.800000 0.0009696 
13.810000 0.0009944 
13.820000 0.00102 
13.830000 0.0010456 
13.840000 0.001072 
13.850000 0.0010992 
13.860000 0.0011264 
13.870000 0.0011536 
13.880000 0.0011816 
13.890000 0.001204 
13.900000 0.0011968 
13.910000 0.0011904 
13.920000 0.0011832 
13.930000 0.0011768 
13.940000 0.0011696 
13.950000 0.0011632 
13.960000 0.001156 
13.970000 0.0011496 
13.980000 0.0011424 
13.990000 0.001136 
14.000000 0.0011296 
14.010000 0.0011232 
14.020000 0.001116 
14.030000 0.0011096 
14.040000 0.0011032 
14.050000 0.0010968 
14.060000 0.0010904 
14.070000 0.001084 
14.080000 0.0010784 
14.090000 0.001072 
14.100000 0.0010656 
14.110000 0.0010592 
14.120000 0.0010496 
14.130000 0.0010384 
14.140000 0.0010272 
14.150000 0.001016 
14.160000 0.0010056 
14.170000 0.0009944 
14.180000 0.000984 
14.190000 0.0009736 
14.200000 0.0009632 
14.210000 0.0009528 
14.220000 0.0009432 
14.230000 0.0009328 
14.240000 0.0009232 
14.250000 0.0009136 
14.260000 0.000904 
14.270000 0.0008944 
14.280000 0.0008848 
14.290000 0.0008752 
14.300000 0.0008664 
14.310000 0.0008568 
14.320000 0.000848 
14.330000 0.0008392 
14.340000 0.0008304 
14.350000 0.000744 
14.360000 0.0007304 
14.370000 0.0007336 
14.380000 0.0007368 
14.390000 0.0007392 
14.400000 0.0007424 
14.410000 0.0007448 
14.420000 0.000748 
14.430000 0.0007504 
14.440000 0.0007536 
14.450000 0.000756 
14.460000 0.0007584 
14.470000 0.0007616 
14.480000 0.000764 
14.490000 0.0007664 
14.500000 0.0007696 
14.510000 0.000772 
14.520000 0.0007744 
14.530000 0.0007776 
14.540000 0.00078 
14.550000 0.0007824 
14.560000 0.0007848 
14.570000 0.0007872 
14.580000 0.0007848 
14.590000 0.00078 
14.600000 0.0007752 
14.610000 0.0007712 
14.620000 0.0007664 
14.630000 0.0007616 
14.640000 0.0007568 
14.650000 0.0007528 
14.660000 0.000748 
14.670000 0.000744 
14.680000 0.0007392 
14.690000 0.0007344 
14.700000 0.0007304 
14.710000 0.0007264 
14.720000 0.0007216 
14.730000 0.0007176 
14.740000 0.0007128 
14.750000 0.0007088 
14.760000 0.0007048 
14.770000 0.0007008 
14.780000 0.000696 
14.790000 0.000692 
14.800000 0.000688 
14.810000 0.000684 
14.820000 0.0006792 
14.830000 0.0006752 
14.840000 0.0006704 
14.850000 0.0006664 
14.860000 0.0006616 
14.870000 0.0006576 
14.880000 0.0006536 
14.890000 0.0006488 
14.900000 0.0006448 
14.910000 0.0006408 
14.920000 0.0006368 
14.930000 0.000632 
14.940000 0.000628 
14.950000 0.000624 
14.960000 0.00062 
14.970000 0.000616 
14.980000 0.000612 
14.990000 0.000608 
15.000000 0.000604 
15.010000 0.0006 
15.020000 0.000596 
15.030000 0.0005928 
15.040000 0.0005888 
15.050000 0.0005848 
15.060000 0.0005808 
15.070000 0.0005768 
15.080000 0.0005728 
15.090000 0.0005696 
15.100000 0.0005656 
15.110000 0.0005616 
15.120000 0.0005576 
15.130000 0.0005544 
15.140000 0.0005504 
15.150000 0.0005464 
15.160000 0.0005432 
15.170000 0.0005392 
15.180000 0.000536 
15.190000 0.000532 
15.200000 0.0005288 
15.210000 0.0005248 
15.220000 0.0005216 
15.230000 0.0005184 
15.240000 0.0005144 
15.250000 0.0005112 
15.260000 0.000508 
15.270000 0.000504 
15.280000 0.0005008 
15.290000 0.0004976 
15.300000 0.0004944 
15.310000 0.0004912 
15.320000 0.0004872 
15.330000 0.000484 
15.340000 0.0004808 
15.350000 0.0004776 
15.360000 0.0004744 
15.370000 0.0004712 
15.380000 0.000468 
15.390000 0.0004648 
15.400000 0.0004616 
15.410000 0.0004584 
15.420000 0.0004552 
15.430000 0.000452 
15.440000 0.0004488 
15.450000 0.0004464 
15.460000 0.0004432 
15.470000 0.00044 
15.480000 0.0004368 
15.490000 0.0004344 
15.500000 0.0004312 
15.510000 0.000428 
15.520000 0.0004256 
15.530000 0.0004224 
15.540000 0.0004192 
15.550000 0.0004168 
15.560000 0.0004136 
15.570000 0.0004112 
15.580000 0.000408 
15.590000 0.0004056 
15.600000 0.0004024 
15.610000 0.0004 
15.620000 0.0003968 
15.630000 0.0003944 
15.640000 0.0003912 
15.650000 0.0003888 
15.660000 0.0003864 
15.670000 0.0003832 
15.680000 0.0003808 
15.690000 0.0003784 
15.700000 0.000376 
15.710000 0.0003728 
15.720000 0.0003704 
15.730000 0.000368 
15.740000 0.0003656 
15.750000 0.0003632 
15.760000 0.0003608 
15.770000 0.0003584 
15.780000 0.0003552 
15.790000 0.0003528 
15.800000 0.0003504 
15.810000 0.000348 
15.820000 0.0003456 
15.830000 0.0003432 
15.840000 0.0003408 
15.850000 0.0003384 
15.860000 0.0003368 
15.870000 0.0003344 
15.880000 0.000332 
15.890000 0.0003296 
15.900000 0.0003272 
15.910000 0.0003248 
15.920000 0.0003224 
15.930000 0.0003208 
15.940000 0.0003184 
15.950000 0.000316 
15.960000 0.0003136 
15.970000 0.000312 
15.980000 0.0003096 
15.990000 0.0003072 
16.000000 0.0003056 
16.010000 0.0003032 
16.020000 0.0003016 
16.030000 0.0002992 
16.040000 0.0002968 
16.050000 0.0002952 
16.060000 0.0002928 
16.070000 0.0002912 
16.080000 0.0002888 
16.090000 0.0002872 
16.100000 0.0002848 
16.110000 0.0002832 
16.120000 0.0002808 
16.130000 0.0002792 
16.140000 0.0002776 
16.150000 0.0002752 
16.160000 0.0002736 
16.170000 0.0002712 
16.180000 0.0002696 
16.190000 0.000268 
16.200000 0.0002664 
16.210000 0.000264 
16.220000 0.0002624 
16.230000 0.0002608 
16.240000 0.0002584 
16.250000 0.0002568 
16.260000 0.0002552 
16.270000 0.0002536 
16.280000 0.000252 
16.290000 0.0002504 
16.300000 0.000248 
16.310000 0.0002464 
16.320000 0.0002448 
16.330000 0.0002432 
16.340000 0.0002416 
16.350000 0.00024 
16.360000 0.0002384 
16.370000 0.0002368 
16.380000 0.0002352 
16.390000 0.0002336 
16.400000 0.000232 
16.410000 0.0002304 
16.420000 0.0002288 
16.430000 0.0002272 
16.440000 0.0002256 
16.450000 0.000224 
16.460000 0.0002224 
16.470000 0.0002208 
16.480000 0.0002192 
16.490000 0.0002176 
16.500000 0.000216 
16.510000 0.0002152 
16.520000 0.0002136 
16.530000 0.000212 
16.540000 0.0002104 
16.550000 0.0002088 
16.560000 0.0002072 
16.570000 0.0002064 
16.580000 0.0002048 
16.590000 0.0002032 
16.600000 0.0002016 
16.610000 0.0002008 
16.620000 0.0001992 
16.630000 0.0001976 
16.640000 0.0001968 
16.650000 0.0001952 
16.660000 0.0001936 
16.670000 0.0001928 
16.680000 0.0001912 
16.690000 0.0001896 
16.700000 0.0001888 
16.710000 0.0001872 
16.720000 0.0001856 
16.730000 0.0001848 
16.740000 0.0001832 
16.750000 0.0001824 
16.760000 0.0001808 
16.770000 0.00018 
16.780000 0.0001784 
16.790000 0.0001776 
16.800000 0.000176 
16.810000 0.0001744 
16.820000 0.0001736 
16.830000 0.0001728 
16.840000 0.0001712 
16.850000 0.0001704 
16.860000 0.0001688 
16.870000 0.000168 
16.880000 0.0001664 
16.890000 0.0001656 
16.900000 0.000164 
16.910000 0.0001632 
16.920000 0.0001624 
16.930000 0.0001608 
16.940000 0.00016 
16.950000 0.0001584 
16.960000 0.0001576 
16.970000 0.0001568 
16.980000 0.0001552 
16.990000 0.0001544 
17.000000 0.0001536 
17.010000 0.0001528 
17.020000 0.0001512 
17.030000 0.0001504 
17.040000 0.0001496 
17.050000 0.000148 
17.060000 0.0001472 
17.070000 0.0001464 
17.080000 0.0001456 
17.090000 0.000144 
17.100000 0.0001432 
17.110000 0.0001424 
17.120000 0.0001416 
17.130000 0.0001408 
17.140000 0.0001392 
17.150000 0.0001384 
17.160000 0.0001376 
17.170000 0.0001368 
17.180000 0.000136 
17.190000 0.0001344 
17.200000 0.0001336 
17.210000 0.0001328 
17.220000 0.000132 
17.230000 0.0001312 
17.240000 0.0001304 
17.250000 0.0001296 
17.260000 0.0001288 
17.270000 0.000128 
17.280000 0.0001264 
17.290000 0.0001256 
17.300000 0.0001248 
17.310000 0.000124 
17.320000 0.0001232 
17.330000 0.0001224 
17.340000 0.0001216 
17.350000 0.0001208 
17.360000 0.00012 
17.370000 0.0001192 
17.380000 0.0001184 
17.390000 0.0001176 
17.400000 0.0001168 
17.410000 0.000116 
17.420000 0.0001152 
17.430000 0.0001144 
17.440000 0.0001136 
17.450000 0.0001128 
17.460000 0.000112 
17.470000 0.0001112 
17.480000 0.0001104 
17.490000 0.0001096 
17.500000 0.0001088 
17.510000 0.0001088 
17.520000 0.000108 
17.530000 0.0001072 
17.540000 0.0001064 
17.550000 0.0001056 
17.560000 0.0001048 
17.570000 0.000104 
17.580000 0.0001032 
17.590000 0.0001024 
17.600000 0.0001024 
17.610000 0.0001016 
17.620000 0.0001008 
17.630000 0.0001 
17.640000 9.92e-05 
17.650000 9.84e-05 
17.660000 9.76e-05 
17.670000 9.76e-05 
17.680000 9.68e-05 
17.690000 9.6e-05 
17.700000 9.52e-05 
17.710000 9.44e-05 
17.720000 9.44e-05 
17.730000 9.36e-05 
17.740000 9.28e-05 
17.750000 9.2e-05 
17.760000 9.12e-05 
17.770000 9.12e-05 
17.780000 9.04e-05 
17.790000 8.96e-05 
17.800000 8.88e-05 
17.810000 8.88e-05 
17.820000 8.8e-05 
17.830000 8.72e-05 
17.840000 8.64e-05 
17.850000 8.64e-05 
17.860000 8.56e-05 
17.870000 8.48e-05 
17.880000 8.48e-05 
17.890000 8.4e-05 
17.900000 8.32e-05 
17.910000 8.24e-05 
17.920000 8.24e-05 
17.930000 8.16e-05 
17.940000 8.08e-05 
17.950000 8.08e-05 
17.960000 8e-05 
17.970000 7.92e-05 
17.980000 7.92e-05 
17.990000 7.84e-05 
18.000000 7.76e-05 
18.010000 7.76e-05 
18.020000 7.68e-05 
18.030000 7.6e-05 
18.040000 7.6e-05 
18.050000 7.52e-05 
18.060000 7.52e-05 
18.070000 7.44e-05 
18.080000 7.36e-05 
18.090000 7.36e-05 
18.100000 7.28e-05 
18.110000 7.2e-05 
18.120000 7.2e-05 
18.130000 7.12e-05 
18.140000 7.12e-05 
18.150000 7.04e-05 
18.160000 6.96e-05 
18.170000 6.96e-05 
18.180000 6.88e-05 
18.190000 6.88e-05 
18.200000 6.8e-05 
18.210000 6.8e-05 
18.220000 6.72e-05 
18.230000 6.64e-05 
18.240000 6.64e-05 
18.250000 6.56e-05 
18.260000 6.56e-05 
18.270000 6.48e-05 
18.280000 6.48e-05 
18.290000 6.4e-05 
18.300000 6.4e-05 
18.310000 6.32e-05 
18.320000 6.32e-05 
18.330000 6.24e-05 
18.340000 6.24e-05 
18.350000 6.16e-05 
18.360000 6.16e-05 
18.370000 6.08e-05 
18.380000 6.08e-05 
18.390000 6e-05 
18.400000 6e-05 
18.410000 5.92e-05 
18.420000 5.92e-05 
18.430000 5.84e-05 
18.440000 5.84e-05 
18.450000 5.76e-05 
18.460000 5.76e-05 
18.470000 5.68e-05 
18.480000 5.68e-05 
18.490000 5.6e-05 
18.500000 5.6e-05 
18.510000 5.52e-05 
18.520000 5.52e-05 
18.530000 5.44e-05 
18.540000 5.44e-05 
18.550000 5.36e-05 
18.560000 5.36e-05 
18.570000 5.36e-05 
18.580000 5.28e-05 
18.590000 5.28e-05 
18.600000 5.2e-05 
18.610000 5.2e-05 
18.620000 5.12e-05 
18.630000 5.12e-05 
18.640000 5.12e-05 
18.650000 5.04e-05 
18.660000 5.04e-05 
18.670000 4.96e-05 
18.680000 4.96e-05 
18.690000 4.88e-05 
18.700000 4.88e-05 
18.710000 4.88e-05 
18.720000 4.8e-05 
18.730000 4.8e-05 
18.740000 4.72e-05 
18.750000 4.72e-05 
18.760000 4.72e-05 
18.770000 4.64e-05 
18.780000 4.64e-05 
18.790000 4.64e-05 
18.800000 4.56e-05 
18.810000 4.56e-05 
18.820000 4.48e-05 
18.830000 4.48e-05 
18.840000 4.48e-05 
18.850000 4.4e-05 
18.860000 4.4e-05 
18.870000 4.4e-05 
18.880000 4.32e-05 
18.890000 4.32e-05 
18.900000 4.32e-05 
18.910000 4.24e-05 
18.920000 4.24e-05 
18.930000 4.16e-05 
18.940000 4.16e-05 
18.950000 4.16e-05 
18.960000 4.08e-05 
18.970000 4.08e-05 
18.980000 4.08e-05 
18.990000 4e-05 
19.000000 4e-05 
19.010000 4e-05 
19.020000 3.92e-05 
19.030000 3.92e-05 
19.040000 3.92e-05 
19.050000 3.84e-05 
19.060000 3.84e-05 
19.070000 3.84e-05 
19.080000 3.84e-05 
19.090000 3.76e-05 
19.100000 3.76e-05 
19.110000 3.76e-05 
19.120000 3.68e-05 
19.130000 3.68e-05 
19.140000 3.68e-05 
19.150000 3.6e-05 
19.160000 3.6e-05 
19.170000 3.6e-05 
19.180000 3.6e-05 
19.190000 3.52e-05 
19.200000 3.52e-05 
19.210000 3.52e-05 
19.220000 3.44e-05 
19.230000 3.44e-05 
19.240000 3.44e-05 
19.250000 3.44e-05 
19.260000 3.36e-05 
19.270000 3.36e-05 
19.280000 3.36e-05 
19.290000 3.28e-05 
19.300000 3.28e-05 
19.310000 3.28e-05 
19.320000 3.28e-05 
19.330000 3.2e-05 
19.340000 3.2e-05 
19.350000 3.2e-05 
19.360000 3.2e-05 
19.370000 3.12e-05 
19.380000 3.12e-05 
19.390000 3.12e-05 
19.400000 3.12e-05 
19.410000 3.04e-05 
19.420000 3.04e-05 
19.430000 3.04e-05 
19.440000 3.04e-05 
19.450000 2.96e-05 
19.460000 2.96e-05 
19.470000 2.96e-05 
19.480000 2.96e-05 
19.490000 2.88e-05 
19.500000 2.88e-05 
19.510000 2.88e-05 
19.520000 2.88e-05 
19.530000 2.8e-05 
19.540000 2.8e-05 
19.550000 2.8e-05 
19.560000 2.8e-05 
19.570000 2.8e-05 
19.580000 2.72e-05 
19.590000 2.72e-05 
19.600000 2.72e-05 
19.610000 2.72e-05 
19.620000 2.64e-05 
19.630000 2.64e-05 
19.640000 2.64e-05 
19.650000 2.64e-05 
19.660000 2.64e-05 
19.670000 2.56e-05 
19.680000 2.56e-05 
19.690000 2.56e-05 
19.700000 2.56e-05 
19.710000 2.56e-05 
19.720000 2.48e-05 
19.730000 2.48e-05 
19.740000 2.48e-05 
19.750000 2.48e-05 
19.760000 2.4e-05 
19.770000 2.4e-05 
19.780000 2.4e-05 
19.790000 2.4e-05 
19.800000 2.4e-05 
19.810000 2.4e-05 
19.820000 2.32e-05 
19.830000 2.32e-05 
19.840000 2.32e-05 
19.850000 2.32e-05 
19.860000 2.32e-05 
19.870000 2.24e-05 
19.880000 2.24e-05 
19.890000 2.24e-05 
19.900000 2.24e-05 
19.910000 2.24e-05 
19.920000 2.16e-05 
19.930000 2.16e-05 
19.940000 2.16e-05 
19.950000 2.16e-05 
19.960000 2.16e-05 
19.970000 2.16e-05 
19.980000 2.08e-05 
19.990000 2.08e-05 
20.000000 2.08e-05 
20.010000 2.08e-05 
20.020000 2.08e-05 
20.030000 2.08e-05 
20.040000 2e-05 
20.050000 2e-05 
20.060000 2e-05 
20.070000 2e-05 
20.080000 2e-05 
20.090000 2e-05 
20.100000 1.92e-05 
